{
 "cells": [
  {
   "cell_type": "markdown",
   "id": "ee7a5269-2766-418a-96fc-abbf2a6fc8a9",
   "metadata": {},
   "source": [
    "## Factor Analysis "
   ]
  },
  {
   "cell_type": "code",
   "execution_count": 57,
   "id": "4eb78c78-ecb3-4dc9-9d40-1e28d4bf259d",
   "metadata": {},
   "outputs": [],
   "source": [
    "import numpy as np \n",
    "import pandas as pd \n",
    "import matplotlib.pyplot as plt \n",
    "import seaborn as sns \n",
    "from sklearn.preprocessing import StandardScaler \n",
    "from factor_analyzer import FactorAnalyzer \n",
    "from factor_analyzer.factor_analyzer import calculate_kmo"
   ]
  },
  {
   "cell_type": "code",
   "execution_count": 58,
   "id": "485f0bb9-5de9-4dc7-aea0-3a43136072db",
   "metadata": {},
   "outputs": [
    {
     "data": {
      "text/html": [
       "<div>\n",
       "<style scoped>\n",
       "    .dataframe tbody tr th:only-of-type {\n",
       "        vertical-align: middle;\n",
       "    }\n",
       "\n",
       "    .dataframe tbody tr th {\n",
       "        vertical-align: top;\n",
       "    }\n",
       "\n",
       "    .dataframe thead th {\n",
       "        text-align: right;\n",
       "    }\n",
       "</style>\n",
       "<table border=\"1\" class=\"dataframe\">\n",
       "  <thead>\n",
       "    <tr style=\"text-align: right;\">\n",
       "      <th></th>\n",
       "      <th>M_1</th>\n",
       "      <th>M_2</th>\n",
       "      <th>M_3</th>\n",
       "      <th>M_4</th>\n",
       "      <th>M_5</th>\n",
       "      <th>SUM_M</th>\n",
       "      <th>G_1</th>\n",
       "      <th>G_2</th>\n",
       "      <th>G_3</th>\n",
       "      <th>G_4</th>\n",
       "      <th>...</th>\n",
       "      <th>K_8</th>\n",
       "      <th>K_9</th>\n",
       "      <th>K_10</th>\n",
       "      <th>SUM_K</th>\n",
       "      <th>P_1</th>\n",
       "      <th>P_2</th>\n",
       "      <th>P_3</th>\n",
       "      <th>P_4</th>\n",
       "      <th>P_5</th>\n",
       "      <th>SUM_P</th>\n",
       "    </tr>\n",
       "  </thead>\n",
       "  <tbody>\n",
       "    <tr>\n",
       "      <th>0</th>\n",
       "      <td>2</td>\n",
       "      <td>1</td>\n",
       "      <td>1</td>\n",
       "      <td>2</td>\n",
       "      <td>4</td>\n",
       "      <td>10</td>\n",
       "      <td>2</td>\n",
       "      <td>2</td>\n",
       "      <td>2</td>\n",
       "      <td>3</td>\n",
       "      <td>...</td>\n",
       "      <td>4</td>\n",
       "      <td>3</td>\n",
       "      <td>3</td>\n",
       "      <td>35</td>\n",
       "      <td>2</td>\n",
       "      <td>3</td>\n",
       "      <td>3</td>\n",
       "      <td>2</td>\n",
       "      <td>4</td>\n",
       "      <td>14</td>\n",
       "    </tr>\n",
       "    <tr>\n",
       "      <th>1</th>\n",
       "      <td>2</td>\n",
       "      <td>3</td>\n",
       "      <td>3</td>\n",
       "      <td>3</td>\n",
       "      <td>3</td>\n",
       "      <td>14</td>\n",
       "      <td>3</td>\n",
       "      <td>3</td>\n",
       "      <td>3</td>\n",
       "      <td>4</td>\n",
       "      <td>...</td>\n",
       "      <td>3</td>\n",
       "      <td>3</td>\n",
       "      <td>3</td>\n",
       "      <td>31</td>\n",
       "      <td>2</td>\n",
       "      <td>3</td>\n",
       "      <td>2</td>\n",
       "      <td>3</td>\n",
       "      <td>3</td>\n",
       "      <td>13</td>\n",
       "    </tr>\n",
       "    <tr>\n",
       "      <th>2</th>\n",
       "      <td>2</td>\n",
       "      <td>2</td>\n",
       "      <td>2</td>\n",
       "      <td>3</td>\n",
       "      <td>3</td>\n",
       "      <td>12</td>\n",
       "      <td>2</td>\n",
       "      <td>2</td>\n",
       "      <td>2</td>\n",
       "      <td>2</td>\n",
       "      <td>...</td>\n",
       "      <td>3</td>\n",
       "      <td>3</td>\n",
       "      <td>2</td>\n",
       "      <td>33</td>\n",
       "      <td>2</td>\n",
       "      <td>3</td>\n",
       "      <td>3</td>\n",
       "      <td>3</td>\n",
       "      <td>3</td>\n",
       "      <td>14</td>\n",
       "    </tr>\n",
       "    <tr>\n",
       "      <th>3</th>\n",
       "      <td>2</td>\n",
       "      <td>2</td>\n",
       "      <td>1</td>\n",
       "      <td>3</td>\n",
       "      <td>3</td>\n",
       "      <td>11</td>\n",
       "      <td>2</td>\n",
       "      <td>2</td>\n",
       "      <td>2</td>\n",
       "      <td>3</td>\n",
       "      <td>...</td>\n",
       "      <td>4</td>\n",
       "      <td>2</td>\n",
       "      <td>2</td>\n",
       "      <td>27</td>\n",
       "      <td>2</td>\n",
       "      <td>3</td>\n",
       "      <td>3</td>\n",
       "      <td>3</td>\n",
       "      <td>3</td>\n",
       "      <td>14</td>\n",
       "    </tr>\n",
       "    <tr>\n",
       "      <th>4</th>\n",
       "      <td>2</td>\n",
       "      <td>2</td>\n",
       "      <td>2</td>\n",
       "      <td>3</td>\n",
       "      <td>4</td>\n",
       "      <td>13</td>\n",
       "      <td>3</td>\n",
       "      <td>4</td>\n",
       "      <td>3</td>\n",
       "      <td>3</td>\n",
       "      <td>...</td>\n",
       "      <td>4</td>\n",
       "      <td>2</td>\n",
       "      <td>3</td>\n",
       "      <td>34</td>\n",
       "      <td>2</td>\n",
       "      <td>2</td>\n",
       "      <td>2</td>\n",
       "      <td>3</td>\n",
       "      <td>4</td>\n",
       "      <td>13</td>\n",
       "    </tr>\n",
       "  </tbody>\n",
       "</table>\n",
       "<p>5 rows × 31 columns</p>\n",
       "</div>"
      ],
      "text/plain": [
       "   M_1  M_2  M_3  M_4  M_5  SUM_M  G_1  G_2  G_3  G_4  ...  K_8  K_9  K_10  \\\n",
       "0    2    1    1    2    4     10    2    2    2    3  ...    4    3     3   \n",
       "1    2    3    3    3    3     14    3    3    3    4  ...    3    3     3   \n",
       "2    2    2    2    3    3     12    2    2    2    2  ...    3    3     2   \n",
       "3    2    2    1    3    3     11    2    2    2    3  ...    4    2     2   \n",
       "4    2    2    2    3    4     13    3    4    3    3  ...    4    2     3   \n",
       "\n",
       "   SUM_K  P_1  P_2  P_3  P_4  P_5  SUM_P  \n",
       "0     35    2    3    3    2    4     14  \n",
       "1     31    2    3    2    3    3     13  \n",
       "2     33    2    3    3    3    3     14  \n",
       "3     27    2    3    3    3    3     14  \n",
       "4     34    2    2    2    3    4     13  \n",
       "\n",
       "[5 rows x 31 columns]"
      ]
     },
     "execution_count": 58,
     "metadata": {},
     "output_type": "execute_result"
    }
   ],
   "source": [
    "df = pd.read_csv (\"data_responden_terbaru.csv\", delimiter = \";\")\n",
    "df.head()"
   ]
  },
  {
   "cell_type": "raw",
   "id": "1bbddfe3-a65f-483b-991d-b8bc1434e395",
   "metadata": {},
   "source": [
    "Pada uji validitas dan Realibilitas di dapati "
   ]
  },
  {
   "cell_type": "code",
   "execution_count": 59,
   "id": "e4f72e7c-6aae-4ec9-a59e-810b3597d5e2",
   "metadata": {},
   "outputs": [],
   "source": [
    "df.drop ([\"M_1\", \"M_2\", \"M_3\", \"M_4\", \"M_5\", \"SUM_M\", \"SUM_G\",\"K_8\", \"K_9\", \"SUM_K\", \"SUM_P\"], axis = 1, inplace = True)"
   ]
  },
  {
   "cell_type": "code",
   "execution_count": 60,
   "id": "a719dd5e-8784-4695-bff4-e2a6d9797107",
   "metadata": {},
   "outputs": [
    {
     "data": {
      "text/html": [
       "<div>\n",
       "<style scoped>\n",
       "    .dataframe tbody tr th:only-of-type {\n",
       "        vertical-align: middle;\n",
       "    }\n",
       "\n",
       "    .dataframe tbody tr th {\n",
       "        vertical-align: top;\n",
       "    }\n",
       "\n",
       "    .dataframe thead th {\n",
       "        text-align: right;\n",
       "    }\n",
       "</style>\n",
       "<table border=\"1\" class=\"dataframe\">\n",
       "  <thead>\n",
       "    <tr style=\"text-align: right;\">\n",
       "      <th></th>\n",
       "      <th>G_1</th>\n",
       "      <th>G_2</th>\n",
       "      <th>G_3</th>\n",
       "      <th>G_4</th>\n",
       "      <th>G_5</th>\n",
       "      <th>G_6</th>\n",
       "      <th>G_7</th>\n",
       "      <th>K_1</th>\n",
       "      <th>K_2</th>\n",
       "      <th>K_3</th>\n",
       "      <th>K_4</th>\n",
       "      <th>K_5</th>\n",
       "      <th>K_6</th>\n",
       "      <th>K_7</th>\n",
       "      <th>K_10</th>\n",
       "      <th>P_1</th>\n",
       "      <th>P_2</th>\n",
       "      <th>P_3</th>\n",
       "      <th>P_4</th>\n",
       "      <th>P_5</th>\n",
       "    </tr>\n",
       "  </thead>\n",
       "  <tbody>\n",
       "    <tr>\n",
       "      <th>0</th>\n",
       "      <td>2</td>\n",
       "      <td>2</td>\n",
       "      <td>2</td>\n",
       "      <td>3</td>\n",
       "      <td>4</td>\n",
       "      <td>2</td>\n",
       "      <td>3</td>\n",
       "      <td>4</td>\n",
       "      <td>3</td>\n",
       "      <td>3</td>\n",
       "      <td>4</td>\n",
       "      <td>4</td>\n",
       "      <td>4</td>\n",
       "      <td>3</td>\n",
       "      <td>3</td>\n",
       "      <td>2</td>\n",
       "      <td>3</td>\n",
       "      <td>3</td>\n",
       "      <td>2</td>\n",
       "      <td>4</td>\n",
       "    </tr>\n",
       "    <tr>\n",
       "      <th>1</th>\n",
       "      <td>3</td>\n",
       "      <td>3</td>\n",
       "      <td>3</td>\n",
       "      <td>4</td>\n",
       "      <td>4</td>\n",
       "      <td>2</td>\n",
       "      <td>3</td>\n",
       "      <td>3</td>\n",
       "      <td>2</td>\n",
       "      <td>3</td>\n",
       "      <td>3</td>\n",
       "      <td>3</td>\n",
       "      <td>4</td>\n",
       "      <td>4</td>\n",
       "      <td>3</td>\n",
       "      <td>2</td>\n",
       "      <td>3</td>\n",
       "      <td>2</td>\n",
       "      <td>3</td>\n",
       "      <td>3</td>\n",
       "    </tr>\n",
       "    <tr>\n",
       "      <th>2</th>\n",
       "      <td>2</td>\n",
       "      <td>2</td>\n",
       "      <td>2</td>\n",
       "      <td>2</td>\n",
       "      <td>2</td>\n",
       "      <td>2</td>\n",
       "      <td>2</td>\n",
       "      <td>1</td>\n",
       "      <td>4</td>\n",
       "      <td>4</td>\n",
       "      <td>4</td>\n",
       "      <td>4</td>\n",
       "      <td>4</td>\n",
       "      <td>4</td>\n",
       "      <td>2</td>\n",
       "      <td>2</td>\n",
       "      <td>3</td>\n",
       "      <td>3</td>\n",
       "      <td>3</td>\n",
       "      <td>3</td>\n",
       "    </tr>\n",
       "    <tr>\n",
       "      <th>3</th>\n",
       "      <td>2</td>\n",
       "      <td>2</td>\n",
       "      <td>2</td>\n",
       "      <td>3</td>\n",
       "      <td>3</td>\n",
       "      <td>2</td>\n",
       "      <td>2</td>\n",
       "      <td>3</td>\n",
       "      <td>3</td>\n",
       "      <td>3</td>\n",
       "      <td>3</td>\n",
       "      <td>2</td>\n",
       "      <td>2</td>\n",
       "      <td>3</td>\n",
       "      <td>2</td>\n",
       "      <td>2</td>\n",
       "      <td>3</td>\n",
       "      <td>3</td>\n",
       "      <td>3</td>\n",
       "      <td>3</td>\n",
       "    </tr>\n",
       "    <tr>\n",
       "      <th>4</th>\n",
       "      <td>3</td>\n",
       "      <td>4</td>\n",
       "      <td>3</td>\n",
       "      <td>3</td>\n",
       "      <td>4</td>\n",
       "      <td>3</td>\n",
       "      <td>4</td>\n",
       "      <td>3</td>\n",
       "      <td>4</td>\n",
       "      <td>3</td>\n",
       "      <td>4</td>\n",
       "      <td>4</td>\n",
       "      <td>3</td>\n",
       "      <td>4</td>\n",
       "      <td>3</td>\n",
       "      <td>2</td>\n",
       "      <td>2</td>\n",
       "      <td>2</td>\n",
       "      <td>3</td>\n",
       "      <td>4</td>\n",
       "    </tr>\n",
       "  </tbody>\n",
       "</table>\n",
       "</div>"
      ],
      "text/plain": [
       "   G_1  G_2  G_3  G_4  G_5  G_6  G_7  K_1  K_2  K_3  K_4  K_5  K_6  K_7  K_10  \\\n",
       "0    2    2    2    3    4    2    3    4    3    3    4    4    4    3     3   \n",
       "1    3    3    3    4    4    2    3    3    2    3    3    3    4    4     3   \n",
       "2    2    2    2    2    2    2    2    1    4    4    4    4    4    4     2   \n",
       "3    2    2    2    3    3    2    2    3    3    3    3    2    2    3     2   \n",
       "4    3    4    3    3    4    3    4    3    4    3    4    4    3    4     3   \n",
       "\n",
       "   P_1  P_2  P_3  P_4  P_5  \n",
       "0    2    3    3    2    4  \n",
       "1    2    3    2    3    3  \n",
       "2    2    3    3    3    3  \n",
       "3    2    3    3    3    3  \n",
       "4    2    2    2    3    4  "
      ]
     },
     "execution_count": 60,
     "metadata": {},
     "output_type": "execute_result"
    }
   ],
   "source": [
    "df.head()"
   ]
  },
  {
   "cell_type": "code",
   "execution_count": 61,
   "id": "c30032ea-199d-4853-9139-88d3dd56a710",
   "metadata": {},
   "outputs": [
    {
     "name": "stdout",
     "output_type": "stream",
     "text": [
      "<class 'pandas.core.frame.DataFrame'>\n",
      "RangeIndex: 59 entries, 0 to 58\n",
      "Data columns (total 20 columns):\n",
      " #   Column  Non-Null Count  Dtype\n",
      "---  ------  --------------  -----\n",
      " 0   G_1     59 non-null     int64\n",
      " 1   G_2     59 non-null     int64\n",
      " 2   G_3     59 non-null     int64\n",
      " 3   G_4     59 non-null     int64\n",
      " 4   G_5     59 non-null     int64\n",
      " 5   G_6     59 non-null     int64\n",
      " 6   G_7     59 non-null     int64\n",
      " 7   K_1     59 non-null     int64\n",
      " 8   K_2     59 non-null     int64\n",
      " 9   K_3     59 non-null     int64\n",
      " 10  K_4     59 non-null     int64\n",
      " 11  K_5     59 non-null     int64\n",
      " 12  K_6     59 non-null     int64\n",
      " 13  K_7     59 non-null     int64\n",
      " 14  K_10    59 non-null     int64\n",
      " 15  P_1     59 non-null     int64\n",
      " 16  P_2     59 non-null     int64\n",
      " 17  P_3     59 non-null     int64\n",
      " 18  P_4     59 non-null     int64\n",
      " 19  P_5     59 non-null     int64\n",
      "dtypes: int64(20)\n",
      "memory usage: 9.3 KB\n"
     ]
    }
   ],
   "source": [
    "df.info ()"
   ]
  },
  {
   "cell_type": "code",
   "execution_count": 62,
   "id": "9d39384c-f222-4c56-be28-ba0edd33ec0b",
   "metadata": {},
   "outputs": [
    {
     "data": {
      "text/plain": [
       "(59, 20)"
      ]
     },
     "execution_count": 62,
     "metadata": {},
     "output_type": "execute_result"
    }
   ],
   "source": [
    "df.shape"
   ]
  },
  {
   "cell_type": "code",
   "execution_count": 63,
   "id": "00047ec9-d79f-4c41-8b9c-1138c5b5fded",
   "metadata": {},
   "outputs": [
    {
     "data": {
      "text/plain": [
       "G_1     0\n",
       "G_2     0\n",
       "G_3     0\n",
       "G_4     0\n",
       "G_5     0\n",
       "G_6     0\n",
       "G_7     0\n",
       "K_1     0\n",
       "K_2     0\n",
       "K_3     0\n",
       "K_4     0\n",
       "K_5     0\n",
       "K_6     0\n",
       "K_7     0\n",
       "K_10    0\n",
       "P_1     0\n",
       "P_2     0\n",
       "P_3     0\n",
       "P_4     0\n",
       "P_5     0\n",
       "dtype: int64"
      ]
     },
     "execution_count": 63,
     "metadata": {},
     "output_type": "execute_result"
    }
   ],
   "source": [
    "df.isnull().sum()"
   ]
  },
  {
   "cell_type": "code",
   "execution_count": 64,
   "id": "56e03a90-9831-48c2-af32-d12ceb8e8464",
   "metadata": {},
   "outputs": [
    {
     "data": {
      "text/html": [
       "<div>\n",
       "<style scoped>\n",
       "    .dataframe tbody tr th:only-of-type {\n",
       "        vertical-align: middle;\n",
       "    }\n",
       "\n",
       "    .dataframe tbody tr th {\n",
       "        vertical-align: top;\n",
       "    }\n",
       "\n",
       "    .dataframe thead th {\n",
       "        text-align: right;\n",
       "    }\n",
       "</style>\n",
       "<table border=\"1\" class=\"dataframe\">\n",
       "  <thead>\n",
       "    <tr style=\"text-align: right;\">\n",
       "      <th></th>\n",
       "      <th>G_1</th>\n",
       "      <th>G_2</th>\n",
       "      <th>G_3</th>\n",
       "      <th>G_4</th>\n",
       "      <th>G_5</th>\n",
       "      <th>G_6</th>\n",
       "      <th>G_7</th>\n",
       "      <th>K_1</th>\n",
       "      <th>K_2</th>\n",
       "      <th>K_3</th>\n",
       "      <th>K_4</th>\n",
       "      <th>K_5</th>\n",
       "      <th>K_6</th>\n",
       "      <th>K_7</th>\n",
       "      <th>K_10</th>\n",
       "      <th>P_1</th>\n",
       "      <th>P_2</th>\n",
       "      <th>P_3</th>\n",
       "      <th>P_4</th>\n",
       "      <th>P_5</th>\n",
       "    </tr>\n",
       "  </thead>\n",
       "  <tbody>\n",
       "    <tr>\n",
       "      <th>G_1</th>\n",
       "      <td>1.000000</td>\n",
       "      <td>0.461298</td>\n",
       "      <td>0.427208</td>\n",
       "      <td>0.459678</td>\n",
       "      <td>0.317433</td>\n",
       "      <td>0.266403</td>\n",
       "      <td>0.077932</td>\n",
       "      <td>-0.023262</td>\n",
       "      <td>-0.000596</td>\n",
       "      <td>-0.100058</td>\n",
       "      <td>-0.122554</td>\n",
       "      <td>-0.158566</td>\n",
       "      <td>-0.089956</td>\n",
       "      <td>-0.038846</td>\n",
       "      <td>0.017516</td>\n",
       "      <td>0.057565</td>\n",
       "      <td>-0.073690</td>\n",
       "      <td>0.096768</td>\n",
       "      <td>0.121058</td>\n",
       "      <td>0.048408</td>\n",
       "    </tr>\n",
       "    <tr>\n",
       "      <th>G_2</th>\n",
       "      <td>0.461298</td>\n",
       "      <td>1.000000</td>\n",
       "      <td>0.413828</td>\n",
       "      <td>0.419334</td>\n",
       "      <td>0.270970</td>\n",
       "      <td>0.281839</td>\n",
       "      <td>0.143673</td>\n",
       "      <td>0.058383</td>\n",
       "      <td>0.050146</td>\n",
       "      <td>0.102881</td>\n",
       "      <td>0.130479</td>\n",
       "      <td>0.119142</td>\n",
       "      <td>0.030143</td>\n",
       "      <td>0.009526</td>\n",
       "      <td>-0.008640</td>\n",
       "      <td>0.019198</td>\n",
       "      <td>0.170380</td>\n",
       "      <td>-0.077065</td>\n",
       "      <td>0.205643</td>\n",
       "      <td>-0.136382</td>\n",
       "    </tr>\n",
       "    <tr>\n",
       "      <th>G_3</th>\n",
       "      <td>0.427208</td>\n",
       "      <td>0.413828</td>\n",
       "      <td>1.000000</td>\n",
       "      <td>0.378599</td>\n",
       "      <td>0.377916</td>\n",
       "      <td>-0.035101</td>\n",
       "      <td>0.370216</td>\n",
       "      <td>-0.012004</td>\n",
       "      <td>-0.091017</td>\n",
       "      <td>0.127573</td>\n",
       "      <td>0.035821</td>\n",
       "      <td>0.093443</td>\n",
       "      <td>0.174735</td>\n",
       "      <td>0.123320</td>\n",
       "      <td>0.085228</td>\n",
       "      <td>0.093443</td>\n",
       "      <td>0.068814</td>\n",
       "      <td>0.190241</td>\n",
       "      <td>0.156985</td>\n",
       "      <td>-0.220670</td>\n",
       "    </tr>\n",
       "    <tr>\n",
       "      <th>G_4</th>\n",
       "      <td>0.459678</td>\n",
       "      <td>0.419334</td>\n",
       "      <td>0.378599</td>\n",
       "      <td>1.000000</td>\n",
       "      <td>0.302556</td>\n",
       "      <td>0.172253</td>\n",
       "      <td>0.071934</td>\n",
       "      <td>-0.035241</td>\n",
       "      <td>-0.138791</td>\n",
       "      <td>-0.167442</td>\n",
       "      <td>-0.141845</td>\n",
       "      <td>-0.090924</td>\n",
       "      <td>0.005334</td>\n",
       "      <td>-0.197221</td>\n",
       "      <td>-0.091729</td>\n",
       "      <td>0.085929</td>\n",
       "      <td>-0.068673</td>\n",
       "      <td>-0.039591</td>\n",
       "      <td>0.015409</td>\n",
       "      <td>-0.198327</td>\n",
       "    </tr>\n",
       "    <tr>\n",
       "      <th>G_5</th>\n",
       "      <td>0.317433</td>\n",
       "      <td>0.270970</td>\n",
       "      <td>0.377916</td>\n",
       "      <td>0.302556</td>\n",
       "      <td>1.000000</td>\n",
       "      <td>0.011219</td>\n",
       "      <td>0.106592</td>\n",
       "      <td>0.163450</td>\n",
       "      <td>-0.009229</td>\n",
       "      <td>-0.043762</td>\n",
       "      <td>0.050959</td>\n",
       "      <td>-0.096734</td>\n",
       "      <td>0.070392</td>\n",
       "      <td>0.043762</td>\n",
       "      <td>-0.033592</td>\n",
       "      <td>-0.064849</td>\n",
       "      <td>0.141323</td>\n",
       "      <td>0.060076</td>\n",
       "      <td>0.173093</td>\n",
       "      <td>0.094423</td>\n",
       "    </tr>\n",
       "    <tr>\n",
       "      <th>G_6</th>\n",
       "      <td>0.266403</td>\n",
       "      <td>0.281839</td>\n",
       "      <td>-0.035101</td>\n",
       "      <td>0.172253</td>\n",
       "      <td>0.011219</td>\n",
       "      <td>1.000000</td>\n",
       "      <td>0.116782</td>\n",
       "      <td>-0.187599</td>\n",
       "      <td>0.059022</td>\n",
       "      <td>-0.070878</td>\n",
       "      <td>0.084260</td>\n",
       "      <td>-0.005082</td>\n",
       "      <td>0.010852</td>\n",
       "      <td>-0.030295</td>\n",
       "      <td>-0.071930</td>\n",
       "      <td>0.054888</td>\n",
       "      <td>-0.206739</td>\n",
       "      <td>-0.179560</td>\n",
       "      <td>-0.075362</td>\n",
       "      <td>-0.056805</td>\n",
       "    </tr>\n",
       "    <tr>\n",
       "      <th>G_7</th>\n",
       "      <td>0.077932</td>\n",
       "      <td>0.143673</td>\n",
       "      <td>0.370216</td>\n",
       "      <td>0.071934</td>\n",
       "      <td>0.106592</td>\n",
       "      <td>0.116782</td>\n",
       "      <td>1.000000</td>\n",
       "      <td>-0.110001</td>\n",
       "      <td>-0.159327</td>\n",
       "      <td>0.033101</td>\n",
       "      <td>0.024167</td>\n",
       "      <td>0.191023</td>\n",
       "      <td>0.081817</td>\n",
       "      <td>0.077444</td>\n",
       "      <td>0.109394</td>\n",
       "      <td>0.059972</td>\n",
       "      <td>-0.116049</td>\n",
       "      <td>-0.124073</td>\n",
       "      <td>-0.082344</td>\n",
       "      <td>-0.104159</td>\n",
       "    </tr>\n",
       "    <tr>\n",
       "      <th>K_1</th>\n",
       "      <td>-0.023262</td>\n",
       "      <td>0.058383</td>\n",
       "      <td>-0.012004</td>\n",
       "      <td>-0.035241</td>\n",
       "      <td>0.163450</td>\n",
       "      <td>-0.187599</td>\n",
       "      <td>-0.110001</td>\n",
       "      <td>1.000000</td>\n",
       "      <td>0.480105</td>\n",
       "      <td>0.471196</td>\n",
       "      <td>0.320804</td>\n",
       "      <td>0.355837</td>\n",
       "      <td>0.336929</td>\n",
       "      <td>0.467525</td>\n",
       "      <td>0.161299</td>\n",
       "      <td>0.099025</td>\n",
       "      <td>0.218293</td>\n",
       "      <td>0.078451</td>\n",
       "      <td>0.211709</td>\n",
       "      <td>0.257239</td>\n",
       "    </tr>\n",
       "    <tr>\n",
       "      <th>K_2</th>\n",
       "      <td>-0.000596</td>\n",
       "      <td>0.050146</td>\n",
       "      <td>-0.091017</td>\n",
       "      <td>-0.138791</td>\n",
       "      <td>-0.009229</td>\n",
       "      <td>0.059022</td>\n",
       "      <td>-0.159327</td>\n",
       "      <td>0.480105</td>\n",
       "      <td>1.000000</td>\n",
       "      <td>0.529961</td>\n",
       "      <td>0.501555</td>\n",
       "      <td>0.444916</td>\n",
       "      <td>0.463388</td>\n",
       "      <td>0.533566</td>\n",
       "      <td>0.191280</td>\n",
       "      <td>0.142322</td>\n",
       "      <td>0.201324</td>\n",
       "      <td>0.082558</td>\n",
       "      <td>0.270745</td>\n",
       "      <td>0.298155</td>\n",
       "    </tr>\n",
       "    <tr>\n",
       "      <th>K_3</th>\n",
       "      <td>-0.100058</td>\n",
       "      <td>0.102881</td>\n",
       "      <td>0.127573</td>\n",
       "      <td>-0.167442</td>\n",
       "      <td>-0.043762</td>\n",
       "      <td>-0.070878</td>\n",
       "      <td>0.033101</td>\n",
       "      <td>0.471196</td>\n",
       "      <td>0.529961</td>\n",
       "      <td>1.000000</td>\n",
       "      <td>0.635876</td>\n",
       "      <td>0.585150</td>\n",
       "      <td>0.625424</td>\n",
       "      <td>0.638889</td>\n",
       "      <td>0.213780</td>\n",
       "      <td>0.024698</td>\n",
       "      <td>0.236381</td>\n",
       "      <td>0.046004</td>\n",
       "      <td>0.211102</td>\n",
       "      <td>0.050443</td>\n",
       "    </tr>\n",
       "    <tr>\n",
       "      <th>K_4</th>\n",
       "      <td>-0.122554</td>\n",
       "      <td>0.130479</td>\n",
       "      <td>0.035821</td>\n",
       "      <td>-0.141845</td>\n",
       "      <td>0.050959</td>\n",
       "      <td>0.084260</td>\n",
       "      <td>0.024167</td>\n",
       "      <td>0.320804</td>\n",
       "      <td>0.501555</td>\n",
       "      <td>0.635876</td>\n",
       "      <td>1.000000</td>\n",
       "      <td>0.632470</td>\n",
       "      <td>0.560649</td>\n",
       "      <td>0.525631</td>\n",
       "      <td>0.201426</td>\n",
       "      <td>0.116108</td>\n",
       "      <td>0.245172</td>\n",
       "      <td>0.044311</td>\n",
       "      <td>0.149505</td>\n",
       "      <td>0.161163</td>\n",
       "    </tr>\n",
       "    <tr>\n",
       "      <th>K_5</th>\n",
       "      <td>-0.158566</td>\n",
       "      <td>0.119142</td>\n",
       "      <td>0.093443</td>\n",
       "      <td>-0.090924</td>\n",
       "      <td>-0.096734</td>\n",
       "      <td>-0.005082</td>\n",
       "      <td>0.191023</td>\n",
       "      <td>0.355837</td>\n",
       "      <td>0.444916</td>\n",
       "      <td>0.585150</td>\n",
       "      <td>0.632470</td>\n",
       "      <td>1.000000</td>\n",
       "      <td>0.595756</td>\n",
       "      <td>0.573117</td>\n",
       "      <td>0.232077</td>\n",
       "      <td>0.103041</td>\n",
       "      <td>0.115154</td>\n",
       "      <td>-0.041523</td>\n",
       "      <td>0.207735</td>\n",
       "      <td>0.174337</td>\n",
       "    </tr>\n",
       "    <tr>\n",
       "      <th>K_6</th>\n",
       "      <td>-0.089956</td>\n",
       "      <td>0.030143</td>\n",
       "      <td>0.174735</td>\n",
       "      <td>0.005334</td>\n",
       "      <td>0.070392</td>\n",
       "      <td>0.010852</td>\n",
       "      <td>0.081817</td>\n",
       "      <td>0.336929</td>\n",
       "      <td>0.463388</td>\n",
       "      <td>0.625424</td>\n",
       "      <td>0.560649</td>\n",
       "      <td>0.595756</td>\n",
       "      <td>1.000000</td>\n",
       "      <td>0.571333</td>\n",
       "      <td>0.081061</td>\n",
       "      <td>-0.042683</td>\n",
       "      <td>0.229770</td>\n",
       "      <td>0.088665</td>\n",
       "      <td>0.103408</td>\n",
       "      <td>0.174549</td>\n",
       "    </tr>\n",
       "    <tr>\n",
       "      <th>K_7</th>\n",
       "      <td>-0.038846</td>\n",
       "      <td>0.009526</td>\n",
       "      <td>0.123320</td>\n",
       "      <td>-0.197221</td>\n",
       "      <td>0.043762</td>\n",
       "      <td>-0.030295</td>\n",
       "      <td>0.077444</td>\n",
       "      <td>0.467525</td>\n",
       "      <td>0.533566</td>\n",
       "      <td>0.638889</td>\n",
       "      <td>0.525631</td>\n",
       "      <td>0.573117</td>\n",
       "      <td>0.571333</td>\n",
       "      <td>1.000000</td>\n",
       "      <td>0.286453</td>\n",
       "      <td>0.050029</td>\n",
       "      <td>0.181178</td>\n",
       "      <td>0.036245</td>\n",
       "      <td>0.320785</td>\n",
       "      <td>0.237571</td>\n",
       "    </tr>\n",
       "    <tr>\n",
       "      <th>K_10</th>\n",
       "      <td>0.017516</td>\n",
       "      <td>-0.008640</td>\n",
       "      <td>0.085228</td>\n",
       "      <td>-0.091729</td>\n",
       "      <td>-0.033592</td>\n",
       "      <td>-0.071930</td>\n",
       "      <td>0.109394</td>\n",
       "      <td>0.161299</td>\n",
       "      <td>0.191280</td>\n",
       "      <td>0.213780</td>\n",
       "      <td>0.201426</td>\n",
       "      <td>0.232077</td>\n",
       "      <td>0.081061</td>\n",
       "      <td>0.286453</td>\n",
       "      <td>1.000000</td>\n",
       "      <td>0.295615</td>\n",
       "      <td>0.294864</td>\n",
       "      <td>0.020743</td>\n",
       "      <td>-0.007026</td>\n",
       "      <td>0.173637</td>\n",
       "    </tr>\n",
       "    <tr>\n",
       "      <th>P_1</th>\n",
       "      <td>0.057565</td>\n",
       "      <td>0.019198</td>\n",
       "      <td>0.093443</td>\n",
       "      <td>0.085929</td>\n",
       "      <td>-0.064849</td>\n",
       "      <td>0.054888</td>\n",
       "      <td>0.059972</td>\n",
       "      <td>0.099025</td>\n",
       "      <td>0.142322</td>\n",
       "      <td>0.024698</td>\n",
       "      <td>0.116108</td>\n",
       "      <td>0.103041</td>\n",
       "      <td>-0.042683</td>\n",
       "      <td>0.050029</td>\n",
       "      <td>0.295615</td>\n",
       "      <td>1.000000</td>\n",
       "      <td>0.300785</td>\n",
       "      <td>0.287561</td>\n",
       "      <td>0.365373</td>\n",
       "      <td>-0.124423</td>\n",
       "    </tr>\n",
       "    <tr>\n",
       "      <th>P_2</th>\n",
       "      <td>-0.073690</td>\n",
       "      <td>0.170380</td>\n",
       "      <td>0.068814</td>\n",
       "      <td>-0.068673</td>\n",
       "      <td>0.141323</td>\n",
       "      <td>-0.206739</td>\n",
       "      <td>-0.116049</td>\n",
       "      <td>0.218293</td>\n",
       "      <td>0.201324</td>\n",
       "      <td>0.236381</td>\n",
       "      <td>0.245172</td>\n",
       "      <td>0.115154</td>\n",
       "      <td>0.229770</td>\n",
       "      <td>0.181178</td>\n",
       "      <td>0.294864</td>\n",
       "      <td>0.300785</td>\n",
       "      <td>1.000000</td>\n",
       "      <td>0.321367</td>\n",
       "      <td>0.452369</td>\n",
       "      <td>0.194832</td>\n",
       "    </tr>\n",
       "    <tr>\n",
       "      <th>P_3</th>\n",
       "      <td>0.096768</td>\n",
       "      <td>-0.077065</td>\n",
       "      <td>0.190241</td>\n",
       "      <td>-0.039591</td>\n",
       "      <td>0.060076</td>\n",
       "      <td>-0.179560</td>\n",
       "      <td>-0.124073</td>\n",
       "      <td>0.078451</td>\n",
       "      <td>0.082558</td>\n",
       "      <td>0.046004</td>\n",
       "      <td>0.044311</td>\n",
       "      <td>-0.041523</td>\n",
       "      <td>0.088665</td>\n",
       "      <td>0.036245</td>\n",
       "      <td>0.020743</td>\n",
       "      <td>0.287561</td>\n",
       "      <td>0.321367</td>\n",
       "      <td>1.000000</td>\n",
       "      <td>0.360246</td>\n",
       "      <td>0.104303</td>\n",
       "    </tr>\n",
       "    <tr>\n",
       "      <th>P_4</th>\n",
       "      <td>0.121058</td>\n",
       "      <td>0.205643</td>\n",
       "      <td>0.156985</td>\n",
       "      <td>0.015409</td>\n",
       "      <td>0.173093</td>\n",
       "      <td>-0.075362</td>\n",
       "      <td>-0.082344</td>\n",
       "      <td>0.211709</td>\n",
       "      <td>0.270745</td>\n",
       "      <td>0.211102</td>\n",
       "      <td>0.149505</td>\n",
       "      <td>0.207735</td>\n",
       "      <td>0.103408</td>\n",
       "      <td>0.320785</td>\n",
       "      <td>-0.007026</td>\n",
       "      <td>0.365373</td>\n",
       "      <td>0.452369</td>\n",
       "      <td>0.360246</td>\n",
       "      <td>1.000000</td>\n",
       "      <td>0.332105</td>\n",
       "    </tr>\n",
       "    <tr>\n",
       "      <th>P_5</th>\n",
       "      <td>0.048408</td>\n",
       "      <td>-0.136382</td>\n",
       "      <td>-0.220670</td>\n",
       "      <td>-0.198327</td>\n",
       "      <td>0.094423</td>\n",
       "      <td>-0.056805</td>\n",
       "      <td>-0.104159</td>\n",
       "      <td>0.257239</td>\n",
       "      <td>0.298155</td>\n",
       "      <td>0.050443</td>\n",
       "      <td>0.161163</td>\n",
       "      <td>0.174337</td>\n",
       "      <td>0.174549</td>\n",
       "      <td>0.237571</td>\n",
       "      <td>0.173637</td>\n",
       "      <td>-0.124423</td>\n",
       "      <td>0.194832</td>\n",
       "      <td>0.104303</td>\n",
       "      <td>0.332105</td>\n",
       "      <td>1.000000</td>\n",
       "    </tr>\n",
       "  </tbody>\n",
       "</table>\n",
       "</div>"
      ],
      "text/plain": [
       "           G_1       G_2       G_3       G_4       G_5       G_6       G_7  \\\n",
       "G_1   1.000000  0.461298  0.427208  0.459678  0.317433  0.266403  0.077932   \n",
       "G_2   0.461298  1.000000  0.413828  0.419334  0.270970  0.281839  0.143673   \n",
       "G_3   0.427208  0.413828  1.000000  0.378599  0.377916 -0.035101  0.370216   \n",
       "G_4   0.459678  0.419334  0.378599  1.000000  0.302556  0.172253  0.071934   \n",
       "G_5   0.317433  0.270970  0.377916  0.302556  1.000000  0.011219  0.106592   \n",
       "G_6   0.266403  0.281839 -0.035101  0.172253  0.011219  1.000000  0.116782   \n",
       "G_7   0.077932  0.143673  0.370216  0.071934  0.106592  0.116782  1.000000   \n",
       "K_1  -0.023262  0.058383 -0.012004 -0.035241  0.163450 -0.187599 -0.110001   \n",
       "K_2  -0.000596  0.050146 -0.091017 -0.138791 -0.009229  0.059022 -0.159327   \n",
       "K_3  -0.100058  0.102881  0.127573 -0.167442 -0.043762 -0.070878  0.033101   \n",
       "K_4  -0.122554  0.130479  0.035821 -0.141845  0.050959  0.084260  0.024167   \n",
       "K_5  -0.158566  0.119142  0.093443 -0.090924 -0.096734 -0.005082  0.191023   \n",
       "K_6  -0.089956  0.030143  0.174735  0.005334  0.070392  0.010852  0.081817   \n",
       "K_7  -0.038846  0.009526  0.123320 -0.197221  0.043762 -0.030295  0.077444   \n",
       "K_10  0.017516 -0.008640  0.085228 -0.091729 -0.033592 -0.071930  0.109394   \n",
       "P_1   0.057565  0.019198  0.093443  0.085929 -0.064849  0.054888  0.059972   \n",
       "P_2  -0.073690  0.170380  0.068814 -0.068673  0.141323 -0.206739 -0.116049   \n",
       "P_3   0.096768 -0.077065  0.190241 -0.039591  0.060076 -0.179560 -0.124073   \n",
       "P_4   0.121058  0.205643  0.156985  0.015409  0.173093 -0.075362 -0.082344   \n",
       "P_5   0.048408 -0.136382 -0.220670 -0.198327  0.094423 -0.056805 -0.104159   \n",
       "\n",
       "           K_1       K_2       K_3       K_4       K_5       K_6       K_7  \\\n",
       "G_1  -0.023262 -0.000596 -0.100058 -0.122554 -0.158566 -0.089956 -0.038846   \n",
       "G_2   0.058383  0.050146  0.102881  0.130479  0.119142  0.030143  0.009526   \n",
       "G_3  -0.012004 -0.091017  0.127573  0.035821  0.093443  0.174735  0.123320   \n",
       "G_4  -0.035241 -0.138791 -0.167442 -0.141845 -0.090924  0.005334 -0.197221   \n",
       "G_5   0.163450 -0.009229 -0.043762  0.050959 -0.096734  0.070392  0.043762   \n",
       "G_6  -0.187599  0.059022 -0.070878  0.084260 -0.005082  0.010852 -0.030295   \n",
       "G_7  -0.110001 -0.159327  0.033101  0.024167  0.191023  0.081817  0.077444   \n",
       "K_1   1.000000  0.480105  0.471196  0.320804  0.355837  0.336929  0.467525   \n",
       "K_2   0.480105  1.000000  0.529961  0.501555  0.444916  0.463388  0.533566   \n",
       "K_3   0.471196  0.529961  1.000000  0.635876  0.585150  0.625424  0.638889   \n",
       "K_4   0.320804  0.501555  0.635876  1.000000  0.632470  0.560649  0.525631   \n",
       "K_5   0.355837  0.444916  0.585150  0.632470  1.000000  0.595756  0.573117   \n",
       "K_6   0.336929  0.463388  0.625424  0.560649  0.595756  1.000000  0.571333   \n",
       "K_7   0.467525  0.533566  0.638889  0.525631  0.573117  0.571333  1.000000   \n",
       "K_10  0.161299  0.191280  0.213780  0.201426  0.232077  0.081061  0.286453   \n",
       "P_1   0.099025  0.142322  0.024698  0.116108  0.103041 -0.042683  0.050029   \n",
       "P_2   0.218293  0.201324  0.236381  0.245172  0.115154  0.229770  0.181178   \n",
       "P_3   0.078451  0.082558  0.046004  0.044311 -0.041523  0.088665  0.036245   \n",
       "P_4   0.211709  0.270745  0.211102  0.149505  0.207735  0.103408  0.320785   \n",
       "P_5   0.257239  0.298155  0.050443  0.161163  0.174337  0.174549  0.237571   \n",
       "\n",
       "          K_10       P_1       P_2       P_3       P_4       P_5  \n",
       "G_1   0.017516  0.057565 -0.073690  0.096768  0.121058  0.048408  \n",
       "G_2  -0.008640  0.019198  0.170380 -0.077065  0.205643 -0.136382  \n",
       "G_3   0.085228  0.093443  0.068814  0.190241  0.156985 -0.220670  \n",
       "G_4  -0.091729  0.085929 -0.068673 -0.039591  0.015409 -0.198327  \n",
       "G_5  -0.033592 -0.064849  0.141323  0.060076  0.173093  0.094423  \n",
       "G_6  -0.071930  0.054888 -0.206739 -0.179560 -0.075362 -0.056805  \n",
       "G_7   0.109394  0.059972 -0.116049 -0.124073 -0.082344 -0.104159  \n",
       "K_1   0.161299  0.099025  0.218293  0.078451  0.211709  0.257239  \n",
       "K_2   0.191280  0.142322  0.201324  0.082558  0.270745  0.298155  \n",
       "K_3   0.213780  0.024698  0.236381  0.046004  0.211102  0.050443  \n",
       "K_4   0.201426  0.116108  0.245172  0.044311  0.149505  0.161163  \n",
       "K_5   0.232077  0.103041  0.115154 -0.041523  0.207735  0.174337  \n",
       "K_6   0.081061 -0.042683  0.229770  0.088665  0.103408  0.174549  \n",
       "K_7   0.286453  0.050029  0.181178  0.036245  0.320785  0.237571  \n",
       "K_10  1.000000  0.295615  0.294864  0.020743 -0.007026  0.173637  \n",
       "P_1   0.295615  1.000000  0.300785  0.287561  0.365373 -0.124423  \n",
       "P_2   0.294864  0.300785  1.000000  0.321367  0.452369  0.194832  \n",
       "P_3   0.020743  0.287561  0.321367  1.000000  0.360246  0.104303  \n",
       "P_4  -0.007026  0.365373  0.452369  0.360246  1.000000  0.332105  \n",
       "P_5   0.173637 -0.124423  0.194832  0.104303  0.332105  1.000000  "
      ]
     },
     "execution_count": 64,
     "metadata": {},
     "output_type": "execute_result"
    }
   ],
   "source": [
    "df.corr()"
   ]
  },
  {
   "cell_type": "code",
   "execution_count": 65,
   "id": "41faf54b-fd32-4347-9564-a4859e27d177",
   "metadata": {},
   "outputs": [
    {
     "data": {
      "text/html": [
       "<div>\n",
       "<style scoped>\n",
       "    .dataframe tbody tr th:only-of-type {\n",
       "        vertical-align: middle;\n",
       "    }\n",
       "\n",
       "    .dataframe tbody tr th {\n",
       "        vertical-align: top;\n",
       "    }\n",
       "\n",
       "    .dataframe thead th {\n",
       "        text-align: right;\n",
       "    }\n",
       "</style>\n",
       "<table border=\"1\" class=\"dataframe\">\n",
       "  <thead>\n",
       "    <tr style=\"text-align: right;\">\n",
       "      <th></th>\n",
       "      <th>G_1</th>\n",
       "      <th>G_2</th>\n",
       "      <th>G_3</th>\n",
       "      <th>G_4</th>\n",
       "      <th>G_5</th>\n",
       "      <th>G_6</th>\n",
       "      <th>G_7</th>\n",
       "      <th>K_1</th>\n",
       "      <th>K_2</th>\n",
       "      <th>K_3</th>\n",
       "      <th>K_4</th>\n",
       "      <th>K_5</th>\n",
       "      <th>K_6</th>\n",
       "      <th>K_7</th>\n",
